#Y = 3.25-4
#intervalLow intervalHight  sysMC(%)   TrajEffError(%)  TriggerError(%)  matchingError(%)
00           01             3.0            1.0            0.5                   1.0
0.3          01             3.0            1.0            0.5                   1.0
01           02             3.0            1.0            0.7                   1.0
02           03             3.0            1.0            0.9                   1.0
03           04             3.0            1.0            0.8                   1.0
04           05             3.0            1.0            0.6                   1.0
05           06             3.0            1.0            0.5                   1.0
06           08             3.0            1.0            0.4                   1.0
08           12             3.0            1.0            0.3                   1.0

06           07             2.8            1.0            0.4                   1.0
07           12             3.0            1.0            0.4                   1.0