//CB2 GEANT3 tails
RapBin-4to-3.25PtBin0to1:  0.93614    4.75828    2.14398    3.3646
RapBin-4to-3.25PtBin1to2:  1.00474    4.27714    2.08323    3.27719
RapBin-4to-3.25PtBin2to3:  1.07673    3.60018    2.03748    3.23673
RapBin-4to-3.25PtBin3to4:  1.11913    3.27691    2.07074    3.0878
RapBin-4to-3.25PtBin4to5:  1.08333    3.50224    2.05296    3.20259
RapBin-4to-3.25PtBin5to6:  1.21279    3.10518    1.96177    3.3395
RapBin-4to-3.25PtBin6to12:  1.21117    3.27087    1.91866    3.32845
RapBin-3.25to-2.5PtBin0to1:  0.798587    5.8422    2.73787    2.63557
RapBin-3.25to-2.5PtBin1to2:  0.845879    4.81398    2.56835    3.05746
RapBin-3.25to-2.5PtBin2to3:  0.913312    3.83461    2.58436    2.89069
RapBin-3.25to-2.5PtBin3to4:  0.963002    3.32129    2.40857    3.45255
RapBin-3.25to-2.5PtBin4to5:  1.04192    3.04081    2.42379    3.24656
RapBin-3.25to-2.5PtBin5to6:  1.11408    3.11861    2.4594    3.0709
RapBin-3.25to-2.5PtBin6to12:  1.23831    2.85263    2.23334    3.39928
RapBin-4to-2.5PtBin0to1:  0.853193    5.36118    2.38794    3.03254
RapBin-4to-2.5PtBin1to2:  0.911403    4.59031    2.30452    3.07293
RapBin-4to-2.5PtBin2to3:  0.987343    3.713    2.29075    2.96676
RapBin-4to-2.5PtBin3to4:  1.03649    3.27216    2.25984    3.05028
RapBin-4to-2.5PtBin4to5:  1.06397    3.18911    2.24725    3.10523
RapBin-4to-2.5PtBin5to6:  1.16235    3.08789    2.21071    3.08333
RapBin-4to-2.5PtBin6to12:  1.21911    3.02176    2.08681    3.24256
RapBin-4to-3.25PtBin0to12:  1.04889    3.86196    2.07638    3.23055
RapBin-3.25to-2.5PtBin0to12:  0.909127    4.07814    2.54571    3.02169

//CB2 GEANT4 tails
RapBin-4to-3.25PtBin0to1:  0.983667    4.16202    2.11038    3.4269
RapBin-4to-3.25PtBin1to2:  1.00031    3.91044    2.16811    2.21373
RapBin-4to-3.25PtBin2to3:  1.13167    2.76626    2.31852    1.58127
RapBin-4to-3.25PtBin3to4:  1.053    3.287    2.148    2.718
RapBin-4to-3.25PtBin4to5:  1.053    3.287    2.148    2.718
RapBin-4to-3.25PtBin5to6:  1.053    3.287    2.148    2.718
RapBin-4to-3.25PtBin6to12:  1.053    3.287    2.148    2.718
RapBin-3.25to-2.5PtBin0to1:  0.848992    5.16972    2.65101    3.40062
RapBin-3.25to-2.5PtBin1to2:  0.901849    4.38099    2.59491    2.25364
RapBin-3.25to-2.5PtBin2to3:  0.974396    3.40289    2.57933    1.73115
RapBin-3.25to-2.5PtBin3to4:  1.07017    2.82723    2.71029    1.25661
RapBin-3.25to-2.5PtBin4to5:  1.15469    2.63432    2.75174    1.15621
RapBin-3.25to-2.5PtBin5to6:  1.29437    2.37092    2.86802    0.907675
RapBin-3.25to-2.5PtBin6to12:  1.45252    2.12796    2.8195    0.902675
RapBin-4to-2.5PtBin0to1:  0.907318    4.70013    2.37342    3.23782
RapBin-4to-2.5PtBin1to2:  0.939319    4.20609    2.37278    2.17309
RapBin-4to-2.5PtBin2to3:  1.04067    3.11998    2.47629    1.58409
RapBin-4to-2.5PtBin3to4:  1.18629    2.45892    2.61104    1.20546
RapBin-4to-2.5PtBin4to5:  1.26619    2.3    2.70089    1.05973
RapBin-4to-2.5PtBin5to6:  1.35314    2.13183    2.70371    1.01171
RapBin-4to-2.5PtBin6to12:  1.44608    2.10169    2.57612    1.12632
RapBin-4to-3.25PtBin0to12:  1.15801    2.85874    2.3327    1.69479
RapBin-3.25to-2.5PtBin0to12:  0.984668    3.56508    2.73731    1.49777


//NA60 GEANT3 tails
RapBin-4to-3.25PtBin0to1:  -0.614685    0.223487    1.2068    0.0588127    2.33481    0.193049    1.20241    0.0712695
RapBin-4to-3.25PtBin1to2:  -0.714695    0.223075    1.14339    0.0390158    2.23097    0.193067    1.17048    0.0468774
RapBin-4to-3.25PtBin2to3:  -0.882806    0.228276    1.09479    0.0246884    2.16736    0.196008    1.20788    0.0606871
RapBin-4to-3.25PtBin3to4:  -1.32574    0.248501    1.02415    0.0177203    2.27036    0.197771    1.18555    0.0543245
RapBin-4to-3.25PtBin4to5:  -0.606958    0.225266    1.12278    0.0276246    1.29907    0.167338    1.53974    0.103097
RapBin-4to-3.25PtBin5to6:  -1.36369    0.239721    1.0757    0.0256632    2.08015    0.193504    1.23101    0.0623932
RapBin-4to-3.25PtBin6to12:  -1.27036    0.230529    1.11668    0.0321004    2.1164    0.198516    1.17289    0.0502301
RapBin-3.25to-2.5PtBin0to1:  0.17197    0.206348    1.30044    0.0688272    2.59066    0.175039    1.34979    0.0748036
RapBin-3.25to-2.5PtBin1to2:  -0.161829    0.218041    1.20656    0.0479312    2.55412    0.175568    1.26038    0.0569912
RapBin-3.25to-2.5PtBin2to3:  -0.485947    0.230818    1.15446    0.036644    2.56605    0.176676    1.24418    0.0489674
RapBin-3.25to-2.5PtBin3to4:  -0.690311    0.239682    1.14303    0.0349521    2.20221    0.169322    1.45821    0.105871
RapBin-3.25to-2.5PtBin4to5:  -0.703454    0.233496    1.18853    0.0407172    2.20732    0.168701    1.37815    0.070551
RapBin-3.25to-2.5PtBin5to6:  -0.660199    0.220087    1.22597    0.0443011    2.16538    0.169489    1.45456    0.0919481
RapBin-3.25to-2.5PtBin6to12:  -0.870714    0.220099    1.20027    0.0378907    1.80789    0.168127    1.50091    0.107552
RapBin-4to-2.5PtBin0to1:  -0.326818    0.219075    1.22272    0.0595729    2.48705    0.186796    1.23792    0.0673125
RapBin-4to-2.5PtBin1to2:  -0.508242    0.224274    1.15517    0.0411902    2.40745    0.187374    1.19875    0.0502641
RapBin-4to-2.5PtBin2to3:  -0.631156    0.229243    1.13248    0.0321848    2.37151    0.190161    1.21312    0.055307
RapBin-4to-2.5PtBin3to4:  -0.76227    0.234099    1.14795    0.0351721    2.28234    0.187167    1.26667    0.0665154
RapBin-4to-2.5PtBin4to5:  -0.769222    0.232139    1.15815    0.0361022    2.1561    0.18068    1.30456    0.0635243
RapBin-4to-2.5PtBin5to6:  -0.850096    0.222569    1.20383    0.0425526    2.19485    0.185941    1.28782    0.0680989
RapBin-4to-2.5PtBin6to12:  -0.913585    0.21967    1.19823    0.0395636    1.86405    0.180461    1.38688    0.0878331
RapBin-4to-3.25PtBin0to12:  -0.840504    0.226884    1.12316    0.0334319    2.22877    0.194818    1.18346    0.0527911
RapBin-3.25to-2.5PtBin0to12:  -0.536194    0.230706    1.14135    0.0361268    2.48778    0.175109    1.30409    0.0650392

//NA60 GEANT4 tails
RapBin-4to-3.25PtBin0to1:  -0.651897    0.220491    1.30578    0.0775869    2.271    0.193657    1.29993    0.116507
RapBin-4to-3.25PtBin1to2:  -0.69114    0.224305    1.2635    0.0663535    1.97643    0.204691    1.61237    0.166225
RapBin-4to-3.25PtBin2to3:  -0.769777    0.228674    1.3381    0.0738915    1.91744    0.201839    1.61956    0.131519
RapBin-4to-3.25PtBin3to4:  -0.213006    0.197809    1.6331    0.108758    1.77007    0.19442    1.61754    0.110364
RapBin-4to-3.25PtBin4to5:  -0.155374    0.191617    1.57472    0.0876781    2.13698    0.207028    1.35487    0.0555325
RapBin-4to-3.25PtBin5to6:  -0.827338    0.217732    1.25185    0.0327275    1.54246    0.181564    1.54069    0.0755074
RapBin-4to-3.25PtBin6to12:  -0.775398    0.209323    1.27545    0.0363652    1.15568    0.17252    1.62263    0.0845618
RapBin-3.25to-2.5PtBin0to1:  0.659848    0.182786    1.6293    0.127053    3.26934    0.00924349    0.554911    0.239536
RapBin-3.25to-2.5PtBin1to2:  -0.440442    0.220809    1.29513    0.0725434    2.90129    0.215985    1.2927    0.130092
RapBin-3.25to-2.5PtBin2to3:  -0.640833    0.229184    1.25951    0.0585741    2.80961    0.228103    1.33975    0.113525
RapBin-3.25to-2.5PtBin3to4:  -0.48906    0.218443    1.39074    0.0757023    2.45491    0.209649    1.51057    0.113467
RapBin-3.25to-2.5PtBin4to5:  -0.673097    0.22255    1.30371    0.0570417    2.36564    0.202813    1.5143    0.101486
RapBin-3.25to-2.5PtBin5to6:  -0.569794    0.207852    1.43214    0.0753615    2.41612    0.205344    1.40478    0.0705623
RapBin-3.25to-2.5PtBin6to12:  -0.682374    0.202874    1.42462    0.0682801    2.37761    0.205218    1.33593    0.0513972
RapBin-4to-2.5PtBin0to1:  -0.0819499    0.202946    1.44303    0.0994743    2.41692    0.185292    1.38908    0.145458
RapBin-4to-2.5PtBin1to2:  -0.594119    0.224008    1.26773    0.0678537    2.29038    0.204761    1.55078    0.16051
RapBin-4to-2.5PtBin2to3:  -0.649951    0.226678    1.30415    0.0660679    2.31723    0.210537    1.47896    0.11264
RapBin-4to-2.5PtBin3to4:  -0.33586    0.207868    1.48773    0.0872607    2.2145    0.20558    1.48896    0.095217
RapBin-4to-2.5PtBin4to5:  -0.448527    0.208988    1.39108    0.0643197    2.31469    0.207236    1.37445    0.0649917
RapBin-4to-2.5PtBin5to6:  -0.796018    0.21736    1.28953    0.0455008    2.16188    0.199834    1.39916    0.0625228
RapBin-4to-2.5PtBin6to12:  -0.898889    0.211732    1.31795    0.0496709    2.18071    0.202889    1.35279    0.0527399
RapBin-4to-3.25PtBin0to12:  -0.734426    0.222631    1.27111    0.0548291    2.16939    0.207091    1.33552    0.065859
RapBin-3.25to-2.5PtBin0to12:  -0.590226    0.223376    1.27051    0.0599131    3.01763    0.226134    1.1244    0.0380845
