244889
244911
244972
245096
245099
245100
245101
245231
245232
245259
245341
245501
245504
245505
245507
245731
245738
245759
245766
245996
246001
246003
246012
246036
246037
246042
246049
246052
246053
246087
246089
246113
246115
246148
246151
246152
246153
246178
246180
246181
246182
246185
246187
246217
246220
246222
246225
246271
246272
246275
246276
246390
246391
246392
246424
246428
246431
246433
246434
246469
246487
246488
246493
246495
246540
246543
246553
246567
246568
246575
246583
246639
246648
246671
246675
246676
246750
246751
246755
246757
246758
246759
246760
246763
246765
246766
246804
246805
246806
246807
246808
246809
246810
246844
246845
246846
246847
246851
246855
246858
246859
246864
246865
246867
246870
246871
246928
246930
246937
246942
246945
246948
246949
246980
246982
246984
246989
246991
246994