228936 8824 
228943 67297 
228948 21967
228978 17170
228979 13267 
229101 15949
229355 14178
229360 15275
229371 7190
229376 7895
229398 30795
229409 42062 
229410 26507
229420 84667
229423 106524
229431 16143
229433 79194
229942 22197
230098 19185
230143 86869
230148 46703
230152 50401
230158 68841
230164 102213
230192 94553
230292 5004
230294 102302
230299 102973
230301 131151
230323 21123
230331 20791
230452 153700
230457 167659
230468 107422
230678 20539
230697 127226
231290 35046
231321 28997