245954       1156
245831       1210
245829       1153
245775       1101
245729        598
245554       1096
245543       1269
245535        808
245345       1213
245683       2023
245353        926
245949        316
245833        224
245540        425
245145        712
245793        472
245752        782
245496        680
245407       1327
245401        498
245347        732
245952       1992
245705        206
245146        823
245233        157
245785        377
245409        596
245253        193
244983         20
245064        109
245152        125
245700        692
245410        137
245346        154
244982         49
245151        106
245450        209
245068         10
245446        103
245066         14
245692       1200
245542        766
244980         28
244918         19