246949    1659375
246980    4062938
246982     294754
246984    2277775
246989    2167769
246991     250002
246994     714087
244918      12831
244980      27585
244982      42136
244983      15985
245064      92397
245066      13098
245068      11487
245145     692437
245146     780346
245151      83208
245152      94259
245231     177453
245232     576198
245233     135260
245253     175353
245259     279329
245343     395584
245345    1261658
245346     158904
245347     664866
245353     936970
245401     429750
245407    1184840
245409     500540
245410     104612
245446      73104
245450     153494
245496     613903
245501     781077
245504     381131
245505     213301
245507     952001
245535     794020
245540     420025
245542     664088
245543    1189793
245554    1011588
245683    2376418
245692    1128961
245700     659090
245705     192299
245729     681272
245731    2003734
245738    1162002
245752     739136
245759     806291
245766     665359
245775    1031870
245785     305509
245793     420157
245829    1161552
245831    1175330
245833     210861
245949     332994
245952    1823844
245954    1186855
245963    1363666
245996     279022
246001    2134374
246003     353193
246012     438781
246036     126413
246037    1030898
246042    2915124
246048     229537
246049    1982102
246053    1075182
246087    8447041
246089     197095
246113     870990
246115     267283
246148    3182846
246151    1855138
246152     281148
246153    2781488
246178     482061
246181    1647829
246182    1308990
246217    2086644
246220     415044
246222    2217716
246225     759925
246272    3289033
246275     732679
246276     347497
246390      27075
246391      85775
246392     105626
246424    1695295
246428     266385
246431    1070397
246433     250295
246434    2429764
246487     436760
246488    4498717
246493     803156
246495     244474
246675    1396231
246676     285751
246750    1221515
246751    1199590
246755     831687
246757     342610
246758     952119
246759     194356
246760     690976
246763     326414
246765     191665
246804     596367
246805    1867759
246806    1492662
246807    1502269
246808     179770
246809    1448917
246844     447191
246845     848007
246846     527732
246847    1003951
246851     718812
246855     768089
246859     725970
246864    1453264
246865     474790
246867     884480
246871     521244
246930     329815
246937     411447
246942     607372
246945    1248530
246948     511325
