#centrality Low  High  <npart>    d<npart>  TAA     dTAA      sys.AP(%)   Traj.err.(%)    Trigg.err.(%)  Pair.err.(%)   AccEff   dAccEff
V0M         00   90    124        2.0       6.22    0.21      2.0          04            	03            01            0.13389  0.00022
V0M         00   10    359        31.2      23.4    0.351     2.00         04            	03            01            0.12968  0.00040
V0M         10   20    263        27.1      14.3    0.22      2.00         04            	03            01            0.13497  0.00041
V0M         20   30    188        19.1      8.59    0.152     2.00         04            	03            01            0.13805  0.00042
V0M         30   40    131        3.0       4.92    0.107     2.00         04            	03            01            0.13887  0.00042
V0M         40   50    86.3       16.3      2.61    0.0726    2.00         04            	03            01            0.13962  0.00042
V0M         50   60    53.6       1.2       1.28    0.0463    2.00         04            	03            01            0.14031  0.00042 
V0M         60   70    30.4       0.76      0.569   0.0273    2.00         04            	03            01            0.14100  0.00042
V0M         70   80    15.6       0.45      0.232   0.015     2.00         04            	03            01            0.14140  0.00042
V0M         80   90    7.59       0.19      0.0923  0.00753   2.00         04            	03            01            0.14085  0.00042 	 	 	 		 	 	 