#intervalLow  intervalHight    sysMC(%)   TrajEffError(%)  TriggerError(%)     PairError(%)
2.50          2.75             2.500             1.0            1.7                1.0 
2.75          3.00             1.000             1.0            1.8                1.0 
3.00          3.25             0.500             1.0            0.8                1.0 
3.25          3.50             0.500             1.0            0.8                1.0 
3.50          3.75             1.000             1.0            0.6                1.0 
3.75          4.00             2.500             1.0            0.2                1.0 



