#intervalLow intervalHight  sysMC(%)   TrajEffError(%)  TriggerError(%)  matchingError(%)  
00           01             1.5            1.0            0.8                   1.0
01           02             1.5            1.0            1.0                   1.0 
02           03             1.5            1.0            1.0                   1.0
03           04             1.4            1.0            0.9                   1.0
04           05             1.3            1.0            0.7                   1.0
05           06             1.2            1.0            0.6                   1.0
06           07             1.0            1.0            0.4                   1.0
07           08             1.0            1.0            0.4                   1.0
08           09             1.0            1.0            0.3                   1.0
09           10             0.7            1.0            0.2                   1.0
10           12             0.9            1.0            0.2                   1.0
