228855
228930
228935
228936
228939
228943
228944
228947
228948
228974
228977
228978
228979
229100
229101
229241
229243
229246
229259
229289
229292
229297
229302
229351
229355
229356
229357
229360
229362
229369
229371
229374
229376
229377
229379
229382
229386
229387
229389
229391
229396
229398
229399
229402
229403
229404
229405
229408
229409
229410
229423
229425
229429
229431
229433
229434
229452
229660
229675
229690
229915
229918
229942
230097
230098
230099
230143
230148
230150
230152
230155
230158
230160
230163
230164
230171
230174
230175
230192
230196
230199
230201
230203
230292
230293
230294
230295
230299
230300
230301
230305
230322
230323
230331
230417
230419
230445
230451
230454
230455
230456
230458
230465
230467