245954        898
245952       1517
245833        160
245831        962
245829        884
245793        359
245785        260
245775        816
245766        539
245759        712
245752        582
245738       1056
245731       1900
245729        530
245700        597
245692       1014
245554       1030
245543       1180
245542        614
245540        412
245535        749
245507        993
245505        230
245504        368
245501        801
245496        609
245450        180
245446         98
245409        511
245407       1267
245345       1319
245343        353
245259        382
245253        178
245232        672
245231        202
245152        118
245146        816
245145        762
245064        109
244982         49
245705        176
245683       2010
245410        127
245401        446
245353        989
245347        722
245346        138
245151         97
245066         14
245949        239
244980         28
245233        157
244983         20
245068         10
244918         19