#intervalLow intervalHight sigmapp     dsigmapp   dsigmappCorr  dsigmappUncorr  AccEff    dAccEff   sysMC   TrajEffError(%)  TriggerError(%)  PairError(%)
00           01            0.947945    0.047369    0.026102     0.000           0.13543   0.00047   4.000    4.0                2.0                1.0
01           02            1.680516    0.044557    0.045599     0.000           0.11700   0.00034   4.000    4.0                2.0                1.0
02           03            1.288437    0.039650    0.034555     0.000           0.11690   0.00080   4.000    4.0                2.0                1.0
03           04            0.760395    0.034367    0.019497     0.000           0.14189   0.00124   4.000    4.0                2.0                1.0
04           05            0.349090    0.026705    0.010559     0.000           0.18040   0.00207   4.000    4.0                2.0                1.0
05           06            0.168945    0.015688    0.006350     0.000           0.23323   0.00345   4.000    4.0                2.0                1.0
06           07            0.098124    0.007896    0.002551     0.000           0.28014   0.00282   4.000    4.0                2.0                1.0
07           08            0.046492    0.005218    0.001431     0.000           0.32030   0.00421   4.000    4.0                2.0                1.0
#06           08           0.067354    0.006500    0.002497     0.000           0.28647   0.00446   4.000    4.0                2.0                1.0


#2016 cross-section first estimation
#PT_00.00_01.00 = 0.947945 ± 0.047369 ± 0.026102
#PT_01.00_02.00 = 1.680516 ± 0.044557 ± 0.045599
#PT_02.00_03.00 = 1.288437 ± 0.039650 ± 0.034555
#PT_03.00_04.00 = 0.760395 ± 0.034367 ± 0.019497
#PT_04.00_05.00 = 0.349090 ± 0.026705 ± 0.010559
#PT_05.00_06.00 = 0.168945 ± 0.015688 ± 0.006350
#PT_06.00_07.00 = 0.098124 ± 0.007896 ± 0.002551
#PT_07.00_08.00 = 0.046492 ± 0.005218 ± 0.001431
#PT_06.00_08.00 = 0.067354 ± 0.006500 ± 0.002497