#centrality Low  High  <npart>    d<npart>  TAA     dTAA      sys.AP  Traj. err.   Trigg. err. Pair. err.   AccEff  dAccEff
V0M         00   90    124        2.0       6.22    0.21      3.0     0.000        0.00        0.00         0.1496  0.0082
V0M         00   10    359        31.2      23.4    0.351     0.78    0.000        0.00        0.00         0.1428  0.0059
V0M         10   20    263        27.1      14.3    0.22      0.46    0.000        0.00        0.00         0.1473  0.0037
V0M         20   30    188        19.1      8.59    0.152     0.27    0.000        0.00        0.00         0.1480  0.0034
V0M         30   40    131        3.0       4.92    0.107     0.16    0.000        0.00        0.00         0.1510  0.0020
V0M         40   50    86.3       16.3      2.61    0.0726    0.1     0.000        0.00        0.00         0.1522  0.0014
V0M         50   60    53.6       1.2       1.28    0.0463    0.063   0.000        0.00        0.00         0.1528  0.0012
V0M         60   70    30.4       0.76      0.569   0.0273    0.032   0.000        0.00        0.00         0.1540  0.0008
V0M         70   80    15.6       0.45      0.232   0.015     0.015   0.000        0.00        0.00         0.1544  0.0008
V0M         80   90    7.59       0.19      0.0923  0.00753   0.007   0.000        0.00        0.00         0.1544  0.0008