235890
235898
236161
235683
235684
235685
235687
235694
235710
235714
235721
235759
235811
235813
235839
235841
235886
235888
235889
235891
235892
235893
235896
236137
236138
236150
236151
236153
236158
236159
236163
236203
236204
236222
236227
236234
236238
236240
236242
236244
236246
236248
236281
236284
236331
236334
236337
236348
236349
236352
236353
236354
236356
236357
236359
236360
236386
236389
236393
236395
236397
236441
236443
236444
236446
236459
236462
236541
236547
236554
236556
236557
236558
236560
236562
236563
236564
236565
236569

