239518
239519
240069
240165
240183
240194
240196
240201
240204
240212
240220
240241
240250
240256
240262
240263
240265
240271
240274
240293
240303
240312
240376
240380
240381
240382
240385
240392
240394
240404
240427
240444
240447
240610
240612
240845
240854
240860
240864
240872
241001
241010
241021
241032
241047
241055
241056
241069
241075
241141
241144
241152
241187
241196
241222
241245
241257
241261
241263
241267
241268
241269
241288
241295
241354
241360
241393
241396
241407
241412
241526
241513
241521
241523
241531
241532
241541
241542
241544