238154
236965
236968
236969
236972
236973
237001
237029
237049
237051
237056
237061
237174
237180
237245
237259
237286
237288
237342
237350
237356
237364
237372
237391
237394
237507
237512
237515
237645
237675
237676
237678
237698
237699
237705
237706
237707
237708
237710
237711
237713
237765
237777
237779
237780
237782
237787
237789
237790
237791
237793
237795
237796
237806
237842
237844
237845
237847
237945
237948
237969
237978
237982
237983
238073
238091
238129
238131
238132
238139
238140
238142
238144
238145
238147
238148
238160
238164
238176
238179
238184
238185
238187
238451
238455
238456
238457
238458
238459
238460
238468
238469
238470
238472
238474
238579
238583
238587
238594
238598
238604
238606
238607
238610
238614
238621