#centrality Low  High  <npart>    d<npart>  TAA     dTAA      sys.AP(%)   Traj.err.(%)    Trigg.err.(%)  Pair.err.(%)   AccEff   dAccEff  NofJpsi Stat.Jpsi SystJpsi
V0M         00   10    359        31.2      23.4    0.351     2.00         04            	03            01            0.1297   0.00040  102672  1630      571
V0M         10   20    263        27.1      14.3    0.22      2.00         04            	03            01            0.1360   0.0005   66675   1163      655
V0M         20   30    188        19.1      8.59    0.152     2.00         04            	03            01            0.1411   0.0005   42583   750       157
V0M         30   40    131        3.0       4.92    0.107     2.00         04            	03            01            0.1436   0.0005   23632   462       529
V0M         40   50    86.3       16.3      2.61    0.0726    2.00         04            	03            01            0.1445   0.0005   14085   300       63 
V0M         50   60    53.6       1.2       1.28    0.0463    2.00         04            	03            01            0.1455   0.0005   7256    169       36
V0M         60   70    30.4       0.76      0.569   0.0273    2.00         04            	03            01            0.1472   0.0005   3687    97        45
V0M         70   80    15.6       0.45      0.232   0.015     2.00         04            	03            01            0.1472   0.0005   1711    59        8
V0M         80   90    7.59       0.19      0.0923  0.00753   2.00         04            	03            01            0.1472   0.0003   664     32        8	 	 	 		 	 	 



#NofJpsi from Mohamad and Victor
#AccxEff corrected from centrality

        