#intervalLow intervalHight sigmapp     dsigmapp   dsigmappUncorr  dsigmappcorr(%)   AccEff    dAccEff   sysMC   TrajEffError(%)  TriggerError(%)  Matching(%)  NofPsi StatJpsi SystJpsi
00           01            0.6509      0.0238      0.033          2.16              0.13434   0.00058   1.600    3.0              4.6             1.0           36836  1292     760
01           02            1.1731      0.0311      0.052          2.16              0.11647   0.00041   1.600    3.0              4.3             1.0           55865  1256     1022 
02           03            0.9033      0.0273      0.036          2.16              0.11981   0.00051   1.600    3.0              3.1             1.0           39081  932      769
03           04            0.5192      0.0194      0.021          2.16              0.14558   0.00081   1.600    3.0              1.9             1.0           21576  540      451
04           05            0.2304      0.0126      0.014          2.16              0.18652   0.00140   1.600    3.0              1.2             1.0           11227  365      210
05           06            0.1268      0.0076      0.005          2.16              0.23578   0.00241   1.600    3.0              0.78            1.0           6299   242      77
06           07            0.0621      0.0051      0.0022         2.16              0.28009   0.00393   1.600    3.0              0.52            1.0           3157   129      69
07           08            0.0291      0.0033      0.0009         2.16              0.31580   0.00612   1.600    3.0              0.42            1.0           1527   105      28
08           09            0.0144      0.0024      0.0007         2.16              0.35436   0.00912   1.600    3.0              0.37            1.0           998    71       28
09           10            0.0111      0.0021      0.0011         2.16              0.38003   0.01299   1.600    3.0              0.25            1.0           550    56       15
10           12            0.0034      0.0007      0.00009        2.16              0.40419   0.01466   1.600    3.0              0.0             1.0           542    45       17


#2016 Javier AccEff 
#2016 cross-section second estimation included
#2016 NofJpsi from Mohamad
#2016 Trigger efficiency
#Note that the values are for 0-20% and not 0-90%