#centrality Low  High  <npart>    d<npart>  TAA     dTAA      sys.AP(%)   Traj.err.(%)    Trigg.err.(%)  Pair.err.(%)   AccEff   dAccEff  NofJpsi Stat.Jpsi SystJpsi
V0M         00   90    124        2.0       6.22    0.20      0.00         03              3.3            01             0.13607  0.00018  277007  2434      4806
V0M         00   20    311        56        18.8    0.61      0.1          03              3.3            01             0.0      0.000    0.0     0.0       0.0
V0M         00   10    359        31.2      23.4    0.78      0.10         03              3.3            01             0.1305   0.0004   108070  1801      1996
V0M         10   20    263        27.1      14.3    0.46      0.10         03              3.3            01             0.1361   0.0004   69808   1168      1161
V0M         20   30    188        19.1      8.59    0.27      0.10         03              3.3            01             0.1408   0.0004   45007   822       728
V0M         30   40    131        3.0       4.92    0.16      0.20         03              3.3            01             0.1446   0.0004   24876   491       630
V0M         40   50    86.3       16.3      2.61    0.1       0.30         03              3.3            01             0.1467   0.0004   15010   321       281 
V0M         50   60    53.6       1.2       1.28    0.063     0.50         03              3.3            01             0.1475   0.0004   7895    190       147
V0M         60   70    30.4       0.76      0.569   0.032     1.40         03              3.3            01             0.1483   0.0002   4112    105       71 
V0M         70   80    15.6       0.45      0.232   0.015     3.20         03              3.3            01             0.1488   0.0002   2042    66        34
V0M         80   90    7.59       0.19      0.0923  0.007     5.80         03              3.3            01             0.1489   0.0002   932     37        15	 	 	 		 	 	 
