#intervalLow  intervalHight    sysMC(%)   TrajEffError(%)  TriggerError(%)     PairError(%)
2.50          2.75             3.000      1.0               1.0                1.0 
2.75          3.00             3.000      1.0               1.0                1.0 
3.00          3.25             3.000      1.0               1.0                1.0 
3.25          3.50             3.000      1.0               1.0                1.0 
3.50          3.75             3.000      1.0               1.0                1.0 
3.75          4.00             3.000      1.0               1.0                1.0 



