#intervalLow intervalHight sigmapp     dsigmapp   dsigmappCorr  dsigmappUncorr  AccEff    dAccEff   sysMC   TrajEffError(%)  TriggerError(%)  PairError(%)
00           01            0.933166    0.071444    0.026163     0.000           0.13543   0.00047   4.000    4.0                2.0                1.0
01           02            1.667300    0.092384    0.046194     0.000           0.11700   0.00034   4.000    4.0                2.0                1.0
02           03            1.283603    0.079950    0.034465     0.000           0.11690   0.00080   4.000    4.0                2.0                1.0
03           04            0.743317    0.043735    0.021226     0.000           0.14189   0.00124   4.000    4.0                2.0                1.0
04           05            0.326277    0.028154    0.013730     0.000           0.18040   0.00207   4.000    4.0                2.0                1.0
05           06            0.179154    0.013269    0.004965     0.000           0.23323   0.00345   4.000    4.0                2.0                1.0
06           07            0.086685    0.008170    0.002353     0.000           0.28014   0.00282   4.000    4.0                2.0                1.0
07           08            0.040955    0.006035    0.001298     0.000           0.32030   0.00421   4.000    4.0                2.0                1.0
08           09            0.020060    0.003665    0.000563     0.000           0.35160   0.00597   4.000    4.0                2.0                1.0
09           10            0.014443    0.004462    0.001305     0.000           0.37995   0.00834   4.000    4.0                2.0                1.0
10           12            0.004685    0.001109    0.000139     0.000           0.40671   0.00912   4.000    4.0                2.0                1.0