#intervalLow intervalHight sigmapp     dsigmapp   dsigmappUncorr  dsigmappcorr  AccEff    dAccEff   sysMC   TrajEffError(%)  TriggerError(%)  PairError(%)  NofPsi StatJpsi SystJpsi
00           01            1.047047    0.053842   0.021583        0.05          0.13543   0.00047   1.600    4.0              4.6             1.0           54674   1302   655
01           02            1.867338    0.081868   0.035167        0.05          0.11700   0.00034   1.600    4.0              4.3             1.0           80386   1273   589 
02           03            1.435446    0.105216   0.025354        0.05          0.11690   0.00080   1.600    4.0              3.1             1.0           58211   885    955
03           04            0.832568    0.042688   0.017401        0.05          0.14189   0.00124   1.600    4.0              1.9             1.0           33549   543    516
04           05            0.369336    0.031030   0.015410        0.05          0.18040   0.00207   1.600    4.0              1.2             1.0           18758   442    120
05           06            0.199603    0.012092   0.003979        0.05          0.23323   0.00345   1.600    4.0              0.78             1.0          10462   375    123
06           07            0.096385    0.011957   0.001826        0.05          0.28014   0.00282   1.600    4.0              0.52             1.0          5728    267    140
07           08            0.046850    0.009293   0.001073        0.05          0.32030   0.00421   1.600    4.0              0.42             1.0          2870    127    20
08           09            0.022279    0.004356   0.000478        0.05          0.35160   0.00597   1.600    4.0              0.37             1.0          1731    87     45
09           10            0.016500    0.002929   0.001119        0.05          0.37995   0.00834   1.600    4.0              0.25             1.0          995     67     23
10           12            0.005242    0.001369   0.000113        0.05          0.40671   0.00912   1.600    4.0              0.0             1.0           904     59     25


#2016 Javier AccEff 
#2016 cross-section first estimation included
#2016 NofJpsi from Mohamad
#2016 Trigger efficiency