#centrality Low  High  <npart>    d<npart>  TAA     dTAA      sys.AP(%)   Traj.err.(%)    Trigg.err.(%)  Pair.err.(%)   AccEff   dAccEff  NofJpsi Stat.Jpsi SystJpsi
V0M         00   90    124        2.0       6.22    0.20      0.00         03              3.3            01             0.13487  0.00018  273006  2453      4902
V0M         00   10    359        31.2      23.4    0.78      0.10         03              3.3            01             0.1295   0.0004  106893  1796      1969
V0M         10   20    263        27.1      14.3    0.46      0.10         03              3.3            01             0.1348   0.0004  68813   1143      1226
V0M         20   30    188        19.1      8.59    0.27      0.10         03              3.3            01             0.1392   0.0004  44312   808       717 
V0M         30   40    131        3.0       4.92    0.16      0.20         03              3.3            01             0.1426   0.0004  24419   491       609 
V0M         40   50    86.3       16.3      2.61    0.1       0.30         03              3.3            01             0.1445   0.0004  14697   319       283  
V0M         50   60    53.6       1.2       1.28    0.063     0.50         03              3.3            01             0.1453   0.0004  7726    188       142 
V0M         60   70    30.4       0.76      0.569   0.032     1.40         03              3.3            01             0.1462   0.0002  4037    104       71  
V0M         70   80    15.6       0.45      0.232   0.015     3.20         03              3.3            01             0.1467   0.0002  2001    66        4 
V0M         80   90    7.59       0.19      0.0923  0.007     5.80         03              3.3            01             0.1468   0.0002  917     37        16 	 	 		 	 	 



