#intervalLow intervalHight  sysMC(%)   TrajEffError(%)  TriggerError(%)  matchingError(%)  
00           01             3.0    	   1.0              1.0             1.0
01           02             3.0    	   1.0              1.0             1.0 
02           03             3.0    	   1.0              1.0             1.0
03           04             3.0    	   1.0              1.0             1.0
04           05             3.0    	   1.0              1.0             1.0
05           06             3.0    	   1.0              1.0             1.0
06           07             3.0    	   1.0              1.0             1.0
07           08             3.0    	   1.0              1.0             1.0
08           09             3.0    	   1.0              1.0             1.0
09           10             3.0    	   1.0              1.0             1.0
10           12             3.0    	   1.0              1.0             1.0

 
