228936 142207 
228943 993041 
228948 325400
228978 312063
228979 242087 
229101 295824
229355 260613
229360 275878
229371 128648
229376 144399
229398 159527
229409 219503 
229410 138217
229420 444575
229423 560207
229431 84686
229433 417031
229942 76233
230098 65844
230143 298472
230148 160356
230152 173299
230158 235907
230164 349790
230192 325259
230292 16621
230294 351058
230299 417510
230301 445204
230323 72170
230331 71323
230452 520711
230457 562915
230468 359970
230678 69914
230697 435628
231290 58628
231321 48488