000244918
000244980
000244982
000244983
000245064
000245066
000245068
000245145
000245146
000245151
000245152
000245231
000245232
000245233
000245253
000245259
000245343
000245345
000245346
000245347
000245353
000245401
000245407
000245409
000245410
000245446
000245450
000245496
000245501
000245504
000245505
000245507
000245535
000245540
000245542
000245543
000245554
000245683
000245692
000245700
000245705
000245729
000245731
000245738
000245752
000245759
000245766
000245775
000245785
000245793
000245829
000245831
000245833
000245949
000245952
000245954
000245963
000245996
000246001
000246003
000246012
000246036
000246037
000246042
000246048
000246049
000246053
000246087
000246089
000246113
000246115
000246148
000246151
000246152
000246153
000246178
000246181
000246182
000246217
000246220
000246222
000246225
000246272
000246275
000246276
000246390
000246391
000246392
000246424
000246428
000246431
000246433
000246434
000246487
000246488
000246493
000246495
000246675
000246676
000246750
000246751
000246755
000246757
000246758
000246759
000246760
000246763
000246765
000246804
000246805
000246806
000246807
000246808
000246809
000246844
000246845
000246846
000246847
000246851
000246855
000246859
000246864
000246865
000246867
000246871
000246930
000246937
000246942
000246945
000246948
000246949
000246980
000246982
000246984
000246989
000246991
000246994