246806
245543
245232
246087
245949
246495
246042
246757
246846
245409
246036
246994
245253
246182
246755
246847
245507
246493
246807
246048
246424
245963
246871
246390
246151
246751
246003
246222
245996
246809
245501
246760
246434
245152
245542
245505
246804
245347
246488
245450
246275
245952
245738
245259
245345
246115
246428
246937
245535
245064
245731
245554
246675
245145
245766
246930
245407
246217
246859
246949
246758
246867
245785
246089
245233
246989
246225
246805
245343
244980
246945
246053
246178
245231
245692
245793
246865
246982
246181
246391
246763
245775
246431
246808
245151
246433
246844
246765
246012
246152
246148
246676
246851
246220
245446
245068
246037
245353
246864
245833
246948
246001
246272
246153
245700
246984
246855
245496
246942
245410
246750
245504
246845
246392
246991
244918
246113
245346
246049
245752
245954
245831
245705
246980
245540
244983
245683
245146
245829
246487
244982
246276
245066
246759
245759
245401
245729